area: 0.3381048976907906
cells: 0.04826
ios: 0.08257
levels: 0.0859375
nets: 0.079528
dffs: 0.12407791131371737
nots: 0.01533360961458765
ands: 0.27165354330708663
nands: 0.0036469125569830087
ors: 0.39341069208454205
nors: 0.014338997099046829
xors: 0.090302527973477
xnors: 0.028636552009946126
muxes: 0.05859925404061334